1 0.860484 0.779802 0.279031 0.402146
1 0.828391 0.479521 0.198813 0.295250
1 0.590320 0.804729 0.545172 0.359125
2 0.937391 0.374927 0.011687 0.076437
2 0.956141 0.276302 0.011187 0.081354
2 0.947594 0.373302 0.013938 0.088521
2 0.940523 0.271687 0.030984 0.091000
2 0.966133 0.277906 0.010703 0.082312
2 0.974492 0.282010 0.014172 0.078313
2 0.976125 0.388083 0.047750 0.094375
2 0.958930 0.475542 0.033453 0.085542
2 0.938031 0.476542 0.013125 0.080917
2 0.986023 0.280375 0.025641 0.084333
2 0.960320 0.275479 0.010328 0.080625
2 0.929094 0.469521 0.009906 0.078333
2 0.603867 0.589958 0.132641 0.063792
2 0.600000 0.289583 0.796875 0.545833