2 0.672992 0.699867 0.286234 0.310078
2 0.555602 0.773555 0.066672 0.152672
2 0.494750 0.746273 0.106031 0.248953
2 0.494969 0.553312 0.151469 0.190469
2 0.348313 0.585539 0.152812 0.217984
2 0.210562 0.613898 0.141625 0.150734
2 0.190148 0.761047 0.155547 0.230125
2 0.340914 0.766484 0.164328 0.214219
2 0.784875 0.583625 0.172594 0.213625
2 0.675273 0.531445 0.050328 0.065172
2 0.138117 0.623805 0.056703 0.153016
2 0.601719 0.541180 0.092312 0.128234
2 0.392844 0.759148 0.146250 0.226797
2 0.501563 0.692187 0.846875 0.409375