2 0.719164 0.435393 0.013391 0.073685
2 0.714563 0.558872 0.012531 0.070248
2 0.699094 0.657288 0.008313 0.082153
2 0.800039 0.433561 0.018984 0.076149
2 0.767578 0.441729 0.011687 0.058075
1 0.464344 0.567899 0.163625 0.181553
2 0.743086 0.434141 0.045828 0.074617
2 0.842531 0.556491 0.038125 0.083706
2 0.814734 0.435870 0.006375 0.070787
2 0.780359 0.143085 0.006375 0.056646
2 0.821438 0.240714 0.004375 0.078199
2 0.796336 0.328986 0.050922 0.013168
2 0.748336 0.520373 0.075859 0.025135
2 0.727953 0.559700 0.012875 0.068965
2 0.769531 0.402692 0.239063 0.627329