2 0.540039 0.756025 0.021891 0.136987
2 0.964234 0.743054 0.069781 0.026778
2 0.883305 0.710492 0.080203 0.031485
2 0.550469 0.894603 0.064812 0.021130
2 0.480578 0.751444 0.034063 0.154644
2 0.948203 0.708912 0.052125 0.048912
2 0.968289 0.579927 0.062016 0.130690
2 0.980000 0.868149 0.040000 0.064958
2 0.506578 0.754655 0.029375 0.142448
2 0.886984 0.682322 0.075187 0.029372
2 0.496406 0.754906 0.021750 0.144456
2 0.530594 0.754414 0.023062 0.132427
2 0.381812 0.889644 0.075719 0.059038
2 0.496094 0.810669 0.885938 0.324268