2 0.581250 0.617413 0.028460 0.145280
2 0.543110 0.391253 0.020740 0.136960
2 0.272610 0.371760 0.021300 0.132213
2 0.577970 0.856627 0.027340 0.119227
2 0.615300 0.977040 0.013200 0.045760
2 0.603670 0.389480 0.020500 0.144453
2 0.531040 0.844760 0.046160 0.147227
2 0.635230 0.392453 0.026420 0.141813
2 0.633890 0.844027 0.031460 0.153600
2 0.577120 0.174507 0.042800 0.108800
2 0.662850 0.979653 0.017980 0.040693
2 0.314450 0.168853 0.040260 0.092320
2 0.500960 0.160200 0.034000 0.123813
2 0.439000 0.532000 0.674000 0.930667