2 0.866430 0.612325 0.009609 0.042734
2 0.859812 0.681951 0.014094 0.056192
2 0.821453 0.534042 0.007719 0.048411
2 0.878945 0.614661 0.009766 0.043855
2 0.937750 0.702336 0.015844 0.045841
2 0.924156 0.616565 0.018250 0.055935
2 0.819977 0.600479 0.008203 0.051612
2 0.908414 0.699626 0.009453 0.037523
2 0.969273 0.706939 0.016922 0.052009
2 0.943852 0.616752 0.018203 0.052523
2 0.848281 0.537278 0.013281 0.051285
2 0.869531 0.537161 0.020188 0.054743
2 0.985312 0.542664 0.026812 0.053692
2 0.898062 0.697780 0.013250 0.041916
2 0.843773 0.604988 0.042391 0.058201
2 0.803125 0.577103 0.390625 0.327103