2 0.101078 0.148844 0.007125 0.070062
2 0.661250 0.053542 0.162000 0.100500
2 0.282055 0.138302 0.032297 0.125896
2 0.873438 0.050323 0.012156 0.099896
2 0.623273 0.157906 0.012359 0.068938
2 0.684734 0.158781 0.026687 0.069854
2 0.316352 0.139969 0.021984 0.119438
2 0.831656 0.048104 0.012594 0.096208
2 0.361234 0.106604 0.018906 0.060792
2 0.636523 0.159031 0.015172 0.066062
2 0.859445 0.050292 0.015297 0.098208
2 0.037867 0.151990 0.014859 0.066604
2 0.660914 0.160021 0.031984 0.066583
2 0.499219 0.113542 0.998437 0.227083