1 0.799875 0.216917 0.056937 0.041750
1 0.893883 0.288740 0.044578 0.032771
1 0.864406 0.334833 0.042594 0.040667
1 0.578250 0.253646 0.045594 0.045958
1 0.915648 0.334344 0.048984 0.043354
1 0.960391 0.333844 0.045937 0.037479
1 0.938719 0.301115 0.046938 0.062604
1 0.834742 0.214896 0.047922 0.041292
1 0.772023 0.189417 0.042547 0.061708
1 0.852773 0.176729 0.047578 0.039167
1 0.666078 0.253198 0.044469 0.039521
1 0.888242 0.173063 0.036047 0.030583
1 0.629391 0.085365 0.037937 0.010396
1 0.494531 0.177083 0.985938 0.345833