2 0.530734 0.449509 0.020219 0.193551
2 0.676281 0.470724 0.063250 0.157664
2 0.497141 0.454393 0.024813 0.188551
2 0.647992 0.463914 0.041797 0.176051
2 0.635688 0.464743 0.039813 0.176449
2 0.614492 0.457079 0.046609 0.185841
2 0.514672 0.454019 0.012781 0.189206
2 0.554703 0.452161 0.033313 0.194229
2 0.445031 0.418143 0.019688 0.254042
2 0.464984 0.428341 0.018969 0.233785
2 0.490781 0.439930 0.045188 0.219673
2 0.585711 0.461519 0.040328 0.178131
2 0.474445 0.770257 0.018891 0.208879
2 0.560156 0.653037 0.276562 0.525701