1 0.179875 0.805673 0.170000 0.388655
1 0.935391 0.715787 0.129219 0.223959
2 0.075023 0.362830 0.025453 0.090990
2 0.083414 0.252195 0.007766 0.052310
2 0.072336 0.180838 0.004234 0.048680
2 0.128914 0.261282 0.009047 0.043122
2 0.178562 0.210990 0.019031 0.043858
2 0.131898 0.262944 0.009578 0.046396
2 0.186180 0.268947 0.009922 0.042462
2 0.070813 0.425165 0.004219 0.043376
2 0.152852 0.430190 0.010672 0.056066
2 0.097664 0.353921 0.019141 0.075863
1 0.167883 0.539404 0.036703 0.050482
1 0.096266 0.706713 0.057344 0.306269
1 0.368664 0.524619 0.081359 0.164924
2 0.056617 0.419353 0.003391 0.027132
2 0.080016 0.492221 0.007000 0.051853
2 0.096617 0.439201 0.046172 0.023325
1 0.221344 0.501561 0.026937 0.033731
2 0.128906 0.430203 0.176563 0.581218