1 0.171187 0.815597 0.138563 0.069227
1 0.919836 0.897014 0.160328 0.205972
1 0.785680 0.888700 0.144547 0.202927
1 0.178234 0.764871 0.104438 0.076206
1 0.025172 0.803888 0.050344 0.112693
1 0.033047 0.720082 0.065500 0.036464
1 0.242391 0.949707 0.199313 0.100585
1 0.262344 0.688770 0.022000 0.141241
1 0.737898 0.738150 0.038234 0.042482
1 0.318078 0.707459 0.026875 0.143208
1 0.287594 0.694543 0.043750 0.150351
1 0.513820 0.868841 0.077984 0.111686
1 0.137164 0.716932 0.088047 0.033817
1 0.157812 0.799766 0.315625 0.395785