1 0.109180 0.434792 0.215984 0.491833
2 0.812797 0.415240 0.040156 0.149812
2 0.864664 0.242740 0.017891 0.118021
2 0.866883 0.054229 0.017391 0.108458
2 0.854133 0.565385 0.018703 0.093813
2 0.893453 0.427010 0.039156 0.149146
2 0.854016 0.053792 0.020500 0.107583
2 0.869859 0.438917 0.024281 0.110417
2 0.852133 0.439073 0.023141 0.102396
2 0.900555 0.240000 0.028891 0.150583
2 0.187102 0.632281 0.094859 0.055271
2 0.764742 0.416427 0.020984 0.125604
2 0.819813 0.232510 0.015531 0.104396
2 0.787438 0.414094 0.029906 0.141729
2 0.800781 0.338542 0.395313 0.677083