2 0.909633 0.786406 0.028641 0.162354
2 0.920617 0.419708 0.020016 0.117542
2 0.839539 0.291646 0.135703 0.020542
2 0.865727 0.091031 0.036578 0.175479
2 0.958719 0.772437 0.082563 0.059333
2 0.968227 0.427802 0.038484 0.120604
2 0.895422 0.789927 0.024125 0.152062
2 0.885375 0.787000 0.025219 0.143500
2 0.778148 0.749375 0.074859 0.170917
2 0.827891 0.762854 0.032594 0.168958
2 0.936109 0.420844 0.025219 0.119021
1 0.637016 0.695062 0.074125 0.358917
2 0.914242 0.096333 0.024078 0.166083
2 0.948805 0.425031 0.031922 0.123104
2 0.563281 0.498958 0.870313 0.997917