2 0.154586 0.303251 0.056516 0.076596
2 0.139320 0.416174 0.007609 0.060376
1 0.390008 0.644261 0.266984 0.455235
1 0.818281 0.731256 0.174781 0.329178
1 0.091188 0.560563 0.171625 0.259812
1 0.917609 0.697512 0.146469 0.293427
2 0.132109 0.193580 0.004063 0.062887
2 0.145859 0.413333 0.006250 0.057418
2 0.217703 0.434836 0.019469 0.021174
2 0.509867 0.354671 0.003953 0.032347
2 0.230109 0.312676 0.006063 0.062958
2 0.492203 0.422735 0.004562 0.022840
2 0.158344 0.418897 0.009844 0.060892
2 0.506437 0.352547 0.003719 0.030117
2 0.501281 0.277676 0.005625 0.032254
1 0.301281 0.584859 0.124875 0.280469