1 0.456453 0.807531 0.303219 0.320437
2 0.684250 0.488781 0.010562 0.069896
2 0.542687 0.477615 0.008313 0.060479
2 0.563953 0.477354 0.008844 0.066292
2 0.668523 0.490260 0.006797 0.061021
2 0.658039 0.487760 0.010672 0.061521
2 0.675781 0.487917 0.009187 0.068167
2 0.759820 0.492865 0.025359 0.071729
2 0.739383 0.606625 0.074734 0.095250
2 0.691320 0.488135 0.006828 0.061021
2 0.740719 0.492188 0.013187 0.069250
2 0.566016 0.674646 0.023844 0.059542
2 0.596539 0.482687 0.005141 0.064792
2 0.623031 0.697135 0.027344 0.071938
2 0.526563 0.527083 0.706250 0.687500