0 0.554914 0.514416 0.076484 0.097056
0 0.717023 0.701425 0.128609 0.176822
0 0.525055 0.666904 0.117422 0.160678
0 0.463531 0.566612 0.090250 0.114766
0 0.337383 0.773785 0.121734 0.155047
0 0.682336 0.372512 0.048141 0.094509
0 0.662727 0.273914 0.037109 0.033762
0 0.556461 0.795000 0.116547 0.145701
0 0.531852 0.583972 0.103922 0.106776
0 0.836070 0.293715 0.054109 0.051215
0 0.815867 0.355023 0.058641 0.062991
0 0.675914 0.454544 0.072328 0.082500
0 0.943117 0.327862 0.061141 0.084977
0 0.570312 0.447430 0.856250 0.609813