2 0.889078 0.366885 0.014063 0.065979
2 0.879672 0.469885 0.014656 0.086729
2 0.885406 0.591198 0.029406 0.069396
2 0.871180 0.674625 0.035328 0.078292
2 0.822187 0.463656 0.020094 0.079187
2 0.877008 0.593427 0.030078 0.070438
2 0.935656 0.937031 0.105094 0.053812
2 0.909953 0.864844 0.068906 0.019229
2 0.811539 0.571021 0.045766 0.023583
2 0.889977 0.472052 0.010266 0.084479
2 0.883687 0.684844 0.058344 0.102146
2 0.894250 0.594729 0.026375 0.067083
2 0.811297 0.655615 0.022750 0.067479
2 0.873437 0.580208 0.250000 0.814583