2 0.372383 0.367396 0.197641 0.111003
2 0.266781 0.113942 0.023594 0.156518
2 0.224773 0.117479 0.014953 0.132730
2 0.081117 0.060543 0.159734 0.112117
2 0.100250 0.215320 0.153062 0.186908
2 0.379914 0.322493 0.172641 0.049499
2 0.183234 0.122507 0.026469 0.124234
1 0.122383 0.462340 0.244766 0.441560
1 0.804508 0.737660 0.390984 0.498719
2 0.387727 0.285167 0.169141 0.057744
2 0.468562 0.867270 0.323937 0.257047
2 0.308836 0.120571 0.033484 0.147159
2 0.258805 0.334721 0.026047 0.128384
2 0.218852 0.118552 0.014266 0.132981
2 0.287938 0.117326 0.021563 0.142451
2 0.251563 0.222841 0.175000 0.440111