1 0.161312 0.507333 0.138469 0.209167
1 0.879648 0.509594 0.123891 0.204479
1 0.770672 0.496604 0.115187 0.192958
1 0.615719 0.380635 0.074750 0.018729
1 0.548180 0.380323 0.038234 0.021854
1 0.437445 0.392177 0.064578 0.044813
1 0.261523 0.487167 0.059578 0.158875
1 0.383883 0.397146 0.049359 0.054708
1 0.860797 0.383625 0.068500 0.032625
1 0.914617 0.382667 0.068766 0.033208
1 0.662883 0.375958 0.061141 0.024667
1 0.779617 0.381198 0.059672 0.019188
1 0.830156 0.375510 0.050500 0.021771
1 0.505469 0.462500 0.985938 0.212500