2 0.455789 0.529965 0.500766 0.116838
2 0.361328 0.932576 0.470781 0.107869
2 0.425805 0.780527 0.497766 0.119087
2 0.496266 0.308618 0.449781 0.168525
2 0.449789 0.306745 0.470766 0.065152
2 0.753203 0.409871 0.187000 0.819742
2 0.090156 0.799543 0.174313 0.225222
2 0.452305 0.614859 0.447797 0.072061
2 0.486055 0.193267 0.367953 0.143724
2 0.524008 0.127717 0.316359 0.076417
2 0.396492 0.583337 0.540516 0.178150
2 0.455781 0.424871 0.536750 0.130351
2 0.794391 0.778618 0.246094 0.365293
2 0.367969 0.510539 0.732812 0.974239