1 0.209641 0.728084 0.329125 0.521355
1 0.584969 0.575164 0.179531 0.425047
1 0.323102 0.388762 0.141266 0.242710
1 0.241203 0.240456 0.112719 0.166285
1 0.410766 0.354252 0.148562 0.243411
1 0.582234 0.274007 0.070250 0.096285
1 0.498695 0.456028 0.079984 0.093131
1 0.211875 0.433540 0.149094 0.239229
1 0.328391 0.222044 0.093875 0.150911
1 0.074680 0.779042 0.149266 0.441916
1 0.645234 0.261717 0.095781 0.151051
1 0.665281 0.548785 0.186656 0.413131
1 0.161117 0.248516 0.107391 0.168762
1 0.410938 0.336449 0.759375 0.415888