1 0.461539 0.834415 0.154672 0.259274
1 0.444305 0.655375 0.149641 0.243443
1 0.763945 0.816604 0.147828 0.329508
1 0.743719 0.652482 0.150250 0.313115
1 0.669008 0.177272 0.122234 0.175012
1 0.174633 0.250773 0.152234 0.201358
1 0.665477 0.500796 0.061203 0.305761
1 0.654547 0.269836 0.046938 0.109696
1 0.641391 0.126756 0.121969 0.243630
1 0.634273 0.024309 0.090422 0.048618
2 0.022984 0.217037 0.045969 0.089297
2 0.787398 0.770585 0.081797 0.092927
2 0.759328 0.605457 0.084000 0.078595
1 0.145273 0.840738 0.184422 0.188876
2 0.475305 0.839789 0.090078 0.095972
2 0.430102 0.021019 0.062516 0.042037
2 0.680805 0.193724 0.073609 0.064918
1 0.651109 0.328138 0.015219 0.047564
1 0.759172 0.921417 0.063094 0.157166
1 0.368750 0.500000 0.406250 0.995316