1 0.232523 0.581708 0.089797 0.221154
1 0.291883 0.583733 0.133797 0.226516
1 0.538633 0.534061 0.094484 0.120611
1 0.427563 0.902998 0.225031 0.170792
1 0.519188 0.938326 0.177531 0.123348
2 0.392359 0.337523 0.017313 0.070520
2 0.377266 0.237975 0.153438 0.079344
2 0.342289 0.341889 0.004266 0.063824
1 0.881953 0.899751 0.071594 0.200498
1 0.986125 0.518190 0.027750 0.096109
2 0.444875 0.339525 0.006844 0.063529
2 0.319180 0.139842 0.008328 0.070452
2 0.384813 0.131086 0.136000 0.085792
2 0.400078 0.341753 0.010312 0.065588
2 0.387617 0.434830 0.006266 0.050249
2 0.441258 0.421572 0.028297 0.036267
2 0.938281 0.085792 0.008406 0.078371
2 0.919945 0.206878 0.005922 0.082670
2 0.301773 0.142862 0.010297 0.070475
2 0.338602 0.342975 0.003672 0.064276
1 0.511195 0.730735 0.209078 0.304593
1 0.638188 0.532715 0.075031 0.119502
1 0.357617 0.646889 0.113734 0.085633
1 0.376070 0.605577 0.059078 0.031244