1 0.908047 0.809052 0.183906 0.381896
1 0.549953 0.432844 0.075781 0.173104
1 0.225820 0.377833 0.048016 0.122708
1 0.320625 0.351802 0.060344 0.108604
1 0.070477 0.498344 0.072641 0.084104
1 0.416039 0.359292 0.040578 0.054083
1 0.130117 0.528417 0.081641 0.087542
1 0.287023 0.381667 0.048297 0.122000
1 0.099008 0.437833 0.041953 0.074583
1 0.471328 0.413615 0.089781 0.155813
1 0.009102 0.406021 0.018203 0.095458
1 0.591102 0.628896 0.064266 0.106542
1 0.057234 0.450500 0.068219 0.127125
1 0.257031 0.392708 0.514062 0.281250