2 0.658640 0.459707 0.050640 0.062987
2 0.590730 0.537080 0.065740 0.130320
2 0.633650 0.704467 0.017260 0.048613
2 0.597950 0.440947 0.022420 0.058107
2 0.651790 0.520173 0.050420 0.056453
2 0.597950 0.381520 0.011020 0.043147
2 0.630030 0.390760 0.018100 0.052293
2 0.623240 0.638667 0.018200 0.050240
2 0.570880 0.625853 0.016920 0.051653
2 0.615710 0.700680 0.020140 0.050213
2 0.687520 0.406227 0.016400 0.045360
2 0.671320 0.403453 0.013240 0.043013
2 0.659440 0.398440 0.013800 0.047173
2 0.638000 0.565333 0.216000 0.426667