1 0.833148 0.940104 0.063609 0.093542
1 0.770211 0.934990 0.060484 0.103229
1 0.371375 0.910917 0.063500 0.072750
1 0.869453 0.852604 0.046312 0.038292
1 0.221914 0.882969 0.051828 0.038396
1 0.051906 0.844292 0.092937 0.039833
1 0.231437 0.676375 0.060781 0.043917
1 0.197625 0.678042 0.024719 0.034500
1 0.177211 0.673708 0.041141 0.041500
1 0.275227 0.730146 0.071234 0.060042
1 0.135070 0.670615 0.054922 0.040104
1 0.780672 0.838073 0.024688 0.017604
1 0.330969 0.690583 0.064094 0.032375
1 0.389844 0.770833 0.739062 0.212500