1 0.569320 0.848393 0.362360 0.286036
1 0.914860 0.862087 0.166840 0.254805
2 0.208780 0.158423 0.199040 0.114625
2 0.159170 0.525435 0.012700 0.084324
2 0.180070 0.271246 0.149500 0.108619
2 0.199180 0.522327 0.012680 0.091081
2 0.895520 0.299910 0.020960 0.095616
2 0.777580 0.295195 0.008200 0.099520
2 0.777470 0.415315 0.017340 0.076997
2 0.169890 0.526156 0.011820 0.080060
2 0.864770 0.522207 0.014580 0.084354
2 0.182820 0.521066 0.008160 0.089279
2 0.788110 0.196081 0.007620 0.070541
1 0.107930 0.927838 0.215860 0.144324
2 0.258140 0.396562 0.013040 0.085435
2 0.202810 0.400450 0.191020 0.095616