0 0.773609 0.119125 0.064219 0.070792
1 0.095555 0.738260 0.190609 0.518687
1 0.533547 0.332490 0.034469 0.096687
1 0.952273 0.781781 0.095453 0.436438
1 0.532859 0.178635 0.072156 0.066562
1 0.284461 0.187927 0.095453 0.179729
1 0.093172 0.210938 0.085719 0.063500
1 0.025867 0.177313 0.051734 0.123000
1 0.111898 0.086667 0.051766 0.035167
1 0.049719 0.080000 0.047844 0.031542
0 0.912367 0.085365 0.086016 0.051813
0 0.890047 0.082771 0.219906 0.092417
0 0.643945 0.118510 0.039391 0.043771
0 0.626336 0.092063 0.031984 0.032917
1 0.107352 0.153188 0.041672 0.060750
1 0.399336 0.173125 0.072578 0.185458
1 0.145820 0.324813 0.043953 0.141542
1 0.212758 0.110052 0.020797 0.081187