1 0.362340 0.580360 0.050960 0.106547
1 0.415430 0.578709 0.053620 0.106246
1 0.474120 0.576787 0.058800 0.099700
1 0.295450 0.579069 0.057140 0.104985
1 0.244770 0.580856 0.057380 0.112643
1 0.136000 0.578829 0.058040 0.105886
1 0.352150 0.555300 0.046420 0.112943
1 0.513800 0.569910 0.034520 0.110511
1 0.409990 0.512913 0.042940 0.018318
1 0.188950 0.580450 0.052780 0.112192
1 0.083740 0.572523 0.051880 0.128529
1 0.476770 0.522583 0.044700 0.029069
1 0.288000 0.515495 0.038800 0.011411
1 0.233000 0.524024 0.046000 0.027027