1 0.465320 0.711969 0.275797 0.447313
1 0.980367 0.428990 0.039234 0.210854
2 0.985617 0.271562 0.014953 0.056583
2 0.986141 0.115531 0.011875 0.058521
2 0.974797 0.269448 0.016594 0.057313
2 0.962398 0.267802 0.011453 0.055521
2 0.964938 0.352333 0.010531 0.043250
2 0.983219 0.198219 0.023531 0.057313
2 0.967211 0.193542 0.022328 0.056167
2 0.995023 0.201781 0.007047 0.045521
2 0.991656 0.273354 0.015813 0.050000
2 0.968242 0.116469 0.012453 0.056313
2 0.997039 0.119729 0.005922 0.044375
2 0.976914 0.115167 0.010859 0.055333
2 0.953164 0.420594 0.023828 0.037062
2 0.790625 0.385417 0.415625 0.291667