1 0.646522 0.422352 0.180211 0.209172
2 0.805222 0.312992 0.010164 0.036328
2 0.810562 0.244711 0.011897 0.033891
2 0.663407 0.245266 0.010000 0.036875
2 0.774672 0.314367 0.006440 0.032766
2 0.698747 0.302781 0.090187 0.052562
2 0.782131 0.311242 0.010023 0.039516
2 0.805773 0.195789 0.021054 0.038141
2 0.709063 0.203406 0.013068 0.021688
2 0.788044 0.458531 0.066487 0.052000
2 0.761874 0.314602 0.009274 0.031172
2 0.763548 0.402047 0.015293 0.047875
2 0.783349 0.404492 0.019906 0.051141
2 0.809473 0.405445 0.032155 0.051578