1 0.029273 0.638376 0.058547 0.205631
2 0.376062 0.395864 0.022937 0.068598
2 0.371992 0.476040 0.038641 0.030444
2 0.382820 0.531963 0.036703 0.022944
2 0.345484 0.463166 0.043031 0.046799
2 0.378937 0.293107 0.008531 0.030280
2 0.374672 0.229346 0.010219 0.050701
2 0.349555 0.232921 0.006234 0.048458
2 0.337109 0.235397 0.012531 0.045935
2 0.391578 0.228248 0.008969 0.057103
2 0.397461 0.227547 0.005359 0.053318
2 0.382805 0.228949 0.012234 0.048925
2 0.353297 0.231390 0.008000 0.045864
2 0.240523 0.240631 0.011828 0.026075
2 0.317969 0.332944 0.223438 0.287383