1 0.275695 0.635580 0.147297 0.126958
1 0.373992 0.579267 0.076484 0.104398
1 0.563352 0.493796 0.098609 0.097440
1 0.882914 0.398578 0.053578 0.144289
1 0.916320 0.570306 0.031734 0.065427
1 0.676258 0.438589 0.036328 0.137921
1 0.534977 0.321838 0.017047 0.042582
1 0.648789 0.359847 0.025547 0.116674
1 0.763914 0.903162 0.222734 0.193676
1 0.484086 0.409606 0.055641 0.140263
1 0.521617 0.336991 0.041797 0.096740
1 0.655602 0.324059 0.033859 0.071575
1 0.534453 0.384573 0.051281 0.129847
1 0.541406 0.462801 0.054688 0.041575