1 0.148328 0.519219 0.136094 0.228937
1 0.204867 0.449740 0.093547 0.182521
1 0.954414 0.834021 0.091172 0.261000
2 0.089055 0.276000 0.011453 0.057208
2 0.081187 0.269271 0.013281 0.073667
2 0.095641 0.370927 0.032219 0.057021
2 0.153086 0.340281 0.008422 0.046062
2 0.122336 0.353229 0.018516 0.056958
2 0.127148 0.432010 0.013734 0.043854
2 0.118398 0.262563 0.016016 0.055167
2 0.148914 0.261062 0.007984 0.047833
2 0.263172 0.367573 0.045344 0.008937
2 0.168070 0.331667 0.017391 0.052167
2 0.089469 0.332969 0.020344 0.019688
2 0.262672 0.390385 0.050594 0.010729
2 0.264547 0.373094 0.046312 0.008354